100
100 0
459678 459678 459678 459678 459678 459678 459678 459678 459678 459678 459678 459678 459678 459678 459678 459678 459678 459678 459678 459678 459678 459678 459678 459678 459678 459678 459678 459678 459678 459678 459678 459678 459678 459678 459678 459678 459678 459678 459678 459678 459678 459678 459678 459678 459678 459678 459678 459678 459678 459678 459678 459678 459678 459678 459678 459678 459678 459678 459678 459678 459678 459678 459678 459678 459678 459678 459678 459678 459678 459678 459678 459678 459678 459678 459678 459678 459678 459678 459678 459678 459678 459678 459678 459678 459678 459678 459678 459678 459678 459678 459678 459678 459678 459678 459678 459678 459678 459678 459678 459678
100 0
12375 12375 12375 15768 15768 15768 22808 22808 31461 40940 40940 45930 55323 55323 55323 45930 45930 40940 63811 63811 72074 72074 72074 63811 31461 31461 22808 72075 77895 77895 77895 81851 82332 82332 86795 86795 96176 102666 106743 106743 106743 114407 114407 114407 102666 102666 96176 96176 86795 119587 125109 125109 131913 138177 138964 147060 147060 147060 138964 148448 154824 155247 155247 164522 164522 168760 168760 170400 172693 177184 181474 181474 181474 177184 189556 189556 189556 177184 172693 172693 170400 170400 168760 164522 155247 154824 154824 148448 148448 138964 138177 138177 131913 131913 125109 119587 119587 82332 81851 81851
100 0
18592 23926 23926 23926 32348 32348 32348 18592 18592 32349 32414 37599 44194 47225 47225 47225 44194 44194 50980 50980 50980 53483 53483 53483 37599 37599 32414 32414 62363 62363 62363 66620 70404 70404 70404 66620 66620 70405 74366 74366 80011 87968 87968 92340 92340 92340 93923 95277 95277 98267 98267 98267 95277 93923 93923 87968 80011 80011 74366 98268 102358 109102 109102 113867 114555 123474 125836 131090 131090 131090 125836 125836 123474 123474 114555 114555 113867 113867 109102 102358 102358 138577 138577 148097 149759 155080 155080 158725 160363 160363 160363 158725 158725 155080 149759 149759 148097 148097 138577 160364
100 0
3516 3516 3516 3517 11200 11200 11200 11201 12993 12993 12993 12994 22768 22768 22768 22769 26514 26514 26514 26515 34462 34462 34462 34463 41501 41501 41501 41502 45534 45534 45534 45535 45546 45546 45546 45547 49850 49850 49850 49851 50546 50546 50546 50547 55180 55180 55180 55181 57854 57854 57854 57855 61821 61821 61821 61822 66412 66412 66412 66413 69284 69284 69284 69285 76494 76494 76494 76495 82876 82876 82876 82877 87013 87013 87013 87014 91864 91864 91864 91865 100611 100611 100611 100612 103717 103717 103717 103718 108548 108548 108548 108549 115174 115174 115174 115175 121058 121058 121058 121059
100 0
13376 13376 20199 20199 20199 13376 23407 23407 23407 23908 33160 35468 36855 40613 40613 40613 36855 36855 35468 35468 41319 41319 41319 42665 43122 43122 45544 45544 45544 43122 49096 57261 63275 72120 72120 72120 63275 63275 57261 57261 81308 91033 91033 91958 91958 91958 91033 98489 98489 98489 103154 103154 103154 111575 111575 111575 113942 113942 113942 123117 131014 138961 146293 146293 146293 147356 147356 147356 138961 138961 155211 160440 160465 160465 160465 163640 163640 163640 160440 160440 172316 172316 172316 182008 182008 182008 186471 186471 193300 193300 200109 202463 202463 202463 211316 211316 212827 212827 212827 211316
100 0
1 1 1 4 4 4 7 7 7 10 10 10 13 13 13 16 16 16 19 19 19 22 22 22 25 25 25 28 28 28 31 31 31 34 34 34 37 37 37 40 40 40 43 43 43 46 46 46 49 49 49 52 52 52 55 55 55 58 58 58 61 61 61 64 64 64 67 67 67 70 70 70 73 73 73 76 76 76 79 79 79 82 82 82 85 85 85 88 88 88 91 91 91 94 94 94 97 97 97 715579
100 0
11286 14422 17327 17327 17327 14422 14422 11286 11286 17328 17329 25628 25628 25628 34065 38893 38893 38893 34065 34065 38894 45663 46536 46536 49917 49917 49917 46536 45663 45663 49918 50748 50748 50748 57667 57667 57667 61374 61374 61374 65206 69070 72082 72082 72082 69070 69070 65206 65206 72083 81215 81215 88645 88645 88645 96678 96678 96678 81215 96679 96680 101145 110026 110529 110529 110529 110026 110026 101145 101145 115597 123866 123866 123866 115597 115597 128868 128868 128868 128869 128870 129110 132561 132561 132561 129110 136543 136543 136543 129110 136544 141463 141463 141463 146760 146760 150909 150909 150909 146760
100 0
7146 16897 16897 18352 18352 18352 18352 31758 31758 32266 32266 32266 32266 43851 43851 44457 44457 44457 44457 49487 49487 49487 55625 55625 55625 68748 78065 78065 78065 68748 78065 88055 95623 95623 95623 88055 95623 103321 103321 103321 108107 108107 108107 115533 116176 116176 116176 115533 116176 121386 121386 124446 124446 124446 124446 132540 133314 133314 133314 132540 133314 141375 141375 141375 145474 145474 145474 153206 153206 156507 156507 156507 156507 171261 178643 178643 178643 171261 178643 191601 191601 191601 193077 193077 193077 202098 202098 202098 202264 202264 205488 209921 209921 217156 217156 217156 209921 205488 205488 202264
100 0
9990 9990 9990 20121 22130 22130 22130 20121 22130 33514 34057 34057 34057 33514 34057 37845 37845 38085 38085 38085 38085 42990 42990 48517 48517 48517 48517 65192 65192 69686 69686 69686 69686 85559 85559 91646 91646 91646 91646 97314 101913 101913 101913 97314 101913 108167 108167 109930 109930 109930 109930 121149 121149 121149 121200 121200 121200 136321 140285 140285 140285 136321 140285 154682 159630 159630 159630 154682 159630 164618 171583 171583 171583 164618 171583 178283 181210 181210 181210 178283 181210 192889 192889 196433 196433 196433 196433 210832 210832 210832 215049 224679 234563 236853 236853 236853 234563 234563 224679 224679
100 0
6931 6931 7115 7897 7897 7897 12269 12269 12269 7115 12269 17075 17075 26578 29760 29760 29760 31918 32594 32594 32594 40668 40668 40668 48686 48686 48686 31918 31918 26578 48686 57928 57928 60596 60596 62999 66600 70248 73310 81582 81582 81582 73310 73310 70248 70248 66600 66600 62999 62999 81582 91026 100498 105620 105620 106928 112509 118404 124803 124803 124803 118404 118404 112509 112509 106928 106928 105620 100498 100498 124803 137889 140480 143427 143427 143427 148847 155648 159180 159180 159180 168680 168680 168680 155648 155648 148847 148847 140480 140480 168680 177474 185793 191804 191804 191804 185793 185793 177474 177474
100 0
4354 4354 5454 14972 14972 14972 17018 17018 22278 22278 27025 27025 27025 22278 17018 5454 27025 41216 41216 41216 45778 47915 51924 51924 51924 47915 47915 45778 52552 52552 52552 45778 56993 56993 56993 60726 60726 73726 73726 73726 82411 82411 85841 92495 92495 93710 101556 101556 101556 93710 102309 102309 102309 93710 92495 85841 102309 108682 108682 116639 116639 119035 120555 120555 120555 129549 139529 139529 139529 129549 141446 141446 141446 129549 119035 119035 141446 149318 149318 155545 155545 155892 159902 159902 159902 155892 160991 167675 167675 167675 160991 160991 155892 168981 168981 168981 168981 184993 184993 184993
100 0
13298 13298 13298 19395 19395 19395 19395 29627 30487 30487 30487 29627 32965 32965 32965 29627 32965 49109 50388 50388 52922 52922 52922 50388 49109 49109 52922 62880 67638 75635 75635 75635 67638 67638 62880 62880 75635 89104 98590 106234 106234 106234 98590 98590 89104 89104 106234 114003 117357 117357 117357 114003 118707 118707 118707 114003 118707 120653 127921 127921 127921 120653 120653 137180 137180 137180 137180 143359 143359 143359 153216 162061 162061 162061 153216 153216 162061 166456 166456 166456 169425 169425 169425 175261 175261 175261 175261 180628 180628 185683 189105 189105 189105 185683 185683 180628 189105 192861 192861 192861
100 0
19611 23571 23571 23607 23607 23607 23571 23607 36649 38646 38646 43495 43495 43495 38646 36649 36649 43495 51065 51065 51065 53443 63400 63400 63400 53443 53443 63400 74061 81269 86996 86996 86996 81269 81269 74061 74061 86996 99893 103115 103115 103115 99893 107865 107865 107865 99893 107865 113987 113987 113987 123870 128044 128044 128044 123870 123870 128044 134666 139319 139319 146349 146349 146349 139319 134666 134666 146349 160606 163425 163425 168592 168592 168592 163425 160606 160606 168592 185482 185482 185482 188018 188018 190282 190282 190282 188018 190282 201958 210201 212150 212150 212150 210201 210201 201958 201958 212150 223082 223082
100 0
6973 10916 10916 10916 10916 17699 25007 25007 25007 25007 33625 36942 36942 36942 36942 39270 39270 40465 40465 40465 49798 49798 56061 56061 56061 62169 62169 62169 63038 63038 71395 79808 79808 79808 79808 89935 89935 94302 94302 94302 101254 101254 107563 107563 107563 120249 122360 122360 122360 122360 130131 137191 137191 137191 137191 147196 149851 149851 149851 149851 166881 169190 169190 169190 169190 174756 177704 177704 177704 177704 185112 192109 192109 192109 192109 208134 208134 208134 214012 214012 224395 226762 226762 226762 226762 244785 244785 244785 252539 252539 262399 269287 269287 269287 269287 279322 281954 281954 281954 281954
100 0
12608 13999 13999 13999 13999 17249 17249 20930 20930 20930 27218 30441 30441 30441 30441 41598 41598 46314 46314 46314 58199 61710 61710 61710 61710 65652 72786 72786 72786 72786 79218 83319 83319 83319 83319 93238 96183 96183 96183 96183 105563 112593 112593 112593 112593 128198 128198 130639 130639 130639 140071 140071 144133 144133 144133 157000 162780 162780 162780 162780 175953 175953 175953 176216 176216 191474 191474 191474 199719 199719 214445 215291 215291 215291 215291 222497 226674 226674 226674 226674 237688 245110 245110 245110 245110 257177 258967 258967 258967 258967 263059 269219 269219 269219 269219 280492 287431 287431 287431 287431
100 0
10049 10049 10049 15725 15725 15725 15725 21856 28003 28003 34152 34152 34152 28003 21856 21856 34152 40443 47421 54474 54474 54474 47421 47421 40443 40443 54474 70326 70326 74029 76991 76991 76991 74029 74029 70326 76991 85339 85339 85339 92178 92178 92178 95182 95182 95182 95182 110351 110351 115954 124144 124144 124144 115954 115954 110351 124144 137041 137041 146868 149554 149554 149554 146868 146868 137041 149554 159512 159579 168240 168240 168240 159579 159579 159512 159512 168240 172101 173962 173962 180437 180437 180437 173962 172101 172101 180437 187089 189977 197672 197672 197672 189977 189977 187089 187089 197672 206570 206570 206570
100 0
10036 10036 21570 31266 31266 31266 21570 31266 37717 37717 39769 39769 39769 39769 52507 58771 58771 58771 52507 58771 72560 72560 76656 76656 76656 76656 79964 79964 80581 80581 80581 80581 91880 94656 94656 94656 91880 94656 97994 102762 102762 102762 97994 102762 106911 110344 110344 110344 106911 110344 120083 124853 124853 124853 120083 124853 136669 144562 144562 144562 136669 144562 152331 152331 152475 152475 152475 152475 158012 162050 162050 162050 158012 162050 171616 171777 171777 171777 171616 171777 175949 180460 180460 180460 175949 180460 191878 191878 200251 200251 200251 191878 205712 205712 205712 212448 212448 212448 216721 216721
100 0
16536 16536 19104 20390 20390 20390 20390 35872 35872 35872 41286 41286 51932 53774 53774 53774 53774 66250 72439 72439 72439 72439 75447 75447 75447 84997 84997 90366 90855 90855 90855 90855 108903 117357 117357 117357 117357 128600 128600 135524 135524 135524 141202 141202 147671 147671 147671 155094 158254 158254 158254 158254 169816 169816 171303 171303 171303 181816 186459 186459 186459 186459 197192 197192 197192 203495 203495 213746 217797 217797 217797 217797 231652 231652 239039 239039 239039 249212 249212 254358 254358 254358 264601 264601 273536 273536 273536 279752 284529 284529 284529 284529 300492 300492 300492 301148 301148 320295 320295 320295
100 0
10252 13005 13005 13005 13005 22733 24211 24211 24211 24211 29495 29495 38752 38752 38752 53788 56924 56924 56924 56924 66628 68948 68948 68948 68948 81669 81669 81669 89761 89761 98339 106853 106853 106853 106853 110455 116588 116588 116588 116588 122574 122574 127735 127735 127735 134390 140842 140842 140842 140842 152753 152753 152753 159454 159454 168073 168073 168105 168105 168105 171318 177794 177794 177794 177794 185536 195274 195274 195274 195274 206806 212561 212561 212561 212561 216836 223594 223594 223594 223594 233664 237247 237247 237247 237247 252730 252730 256857 256857 256857 271390 277325 277325 277325 277325 285805 294993 294993 294993 294993
100 0
13567 13567 25100 28932 33914 33914 33914 28932 28932 25100 25100 33914 38411 38411 47633 47633 47633 51867 51867 51867 38411 51867 56212 56212 56212 64040 72148 72148 72148 64040 64040 72148 75130 78432 82579 82579 82579 78432 78432 75130 75130 82579 93329 102661 107963 107963 107963 102661 102661 93329 93329 107963 118997 122199 127868 127868 127868 122199 122199 118997 118997 127868 140132 147092 147597 147597 147597 147092 147092 140132 140132 147597 155938 160130 164074 164074 164074 160130 160130 155938 155938 164074 181112 183632 183632 183632 181112 181112 186607 186607 186607 186607 190680 190680 197462 197462 197462 202634 202634 202634
100 0
2164 6807 16565 16565 16565 6807 16565 28343 29013 29013 29013 28343 29013 36566 36566 36566 40440 40440 40440 44634 50488 50488 50488 44634 50488 57991 59007 59007 59007 57991 59007 67162 67162 73978 73978 73978 73978 84266 84266 84266 88629 88629 88629 101942 101942 101942 104885 104885 104885 118190 120717 120717 120717 118190 120717 133599 135798 135798 135798 133599 135798 142467 142467 152335 152335 152335 152335 166849 166849 166849 174999 174999 174999 177126 186130 186130 186130 177126 186130 196182 196182 196182 198099 198099 198099 210760 216790 216790 216790 217563 224459 224459 224459 231447 231447 231447 217563 217563 210760 210760
100 0
6781 6781 6781 6781 20201 26798 32939 32939 32939 26798 26798 20201 20201 32939 35883 35883 35883 41388 41388 42322 42322 42322 41388 42322 48033 48033 48033 51360 53798 53798 53798 51360 51360 53798 67239 67239 68035 77159 77159 77159 68035 68035 67239 77159 85701 93019 93019 93019 100368 100368 100368 85701 85701 100368 109660 114316 114316 114316 109660 115271 115271 115271 109660 115271 121893 126310 126310 126310 136028 136028 136028 121893 121893 136028 141258 141258 141258 148511 148511 148511 156244 156244 156244 156244 168703 173972 176396 176396 176396 173972 173972 168703 168703 176396 188227 197757 197757 197757 188227 188227
100 0
6258 6258 6258 12987 12987 12987 25547 25547 25547 31145 34957 34957 34957 31145 31145 34957 45249 45249 45249 52436 52436 52436 56182 56182 56182 56182 64232 64232 64232 72988 72988 72988 77322 77322 77322 77322 85518 87900 87900 96608 96608 96608 87900 85518 85518 96608 103167 103167 105044 105044 110731 110731 110731 105044 103167 110731 119209 122683 125280 125280 125280 122683 122683 119209 119209 125280 128693 128693 128693 137501 137501 137501 142500 142500 142500 142500 145454 151150 151805 151805 151805 151150 151150 145454 145454 151805 164923 164923 164923 172156 172156 172156 181264 181264 181264 181264 189227 191165 191165 191165
100 0
4758 4758 18143 18143 18143 18346 18346 22107 27931 27931 27931 27931 28923 32589 32589 32589 32589 39052 39052 39052 40922 40922 50096 50096 55043 55043 55043 58869 62710 62710 62710 62710 75588 75588 83280 83280 83280 91440 91440 91440 101209 101209 116040 118474 118474 118474 118474 133029 133029 133029 140725 140725 151808 151808 151808 160023 160023 167389 167389 167389 172489 172489 182463 182911 182911 182911 182911 192640 192640 194577 194577 194577 213423 213423 213423 218980 218980 228581 228581 228581 234281 234281 244454 244454 252875 252875 252875 260273 260273 268281 268281 268281 275908 275932 275932 275932 275932 293180 293180 293180
100 0
10170 19622 19622 19622 10170 19622 27290 32519 34715 34715 34715 32519 32519 27290 27290 34715 37713 37713 46014 46014 50613 50613 50613 46014 37713 50613 58601 66209 75107 75107 75107 66209 66209 58601 58601 75107 85586 88733 88733 91692 91692 91692 88733 85586 85586 91692 106820 108621 108621 115962 115962 115962 108621 106820 106820 115962 131139 136056 136056 141147 141147 141147 136056 131139 131139 141147 153915 153915 154327 154327 154327 153915 156311 156311 156311 156311 162554 165121 165121 168035 168035 168035 165121 162554 162554 168035 182251 182251 182251 183175 183175 183175 187790 187790 187790 187790 201775 201775 203364 203364
100 0
3712 3712 3712 10388 10388 12654 12654 12654 26937 33631 33631 33631 33631 41708 41708 43003 43003 43003 56881 64017 64017 64017 64017 75599 85330 85330 85330 85330 102282 103098 103098 103098 103098 107313 113957 113957 113957 113957 125496 125496 134126 134126 134126 149815 156700 156700 156700 156700 164467 165034 165034 165034 165034 181048 182360 182360 182360 182360 187155 187155 194913 194913 194913 204626 207780 207780 207780 207780 218310 226653 226653 226653 226653 230808 230808 230808 231976 231976 237329 237329 243331 243331 243331 251411 251411 258326 258326 258326 262621 262958 262958 262958 262958 277495 277495 277870 277870 277870 289642 289642
100 0
9592 9592 18764 23951 23951 23951 18764 18764 23951 25475 25622 32151 32151 32151 25622 25622 25475 25475 32151 40962 47118 47596 47596 47596 47118 47118 40962 40962 47596 56642 56642 62570 69970 69970 69970 62570 62570 56642 69970 85218 92216 99771 99771 99771 92216 92216 85218 85218 99771 105970 106923 106923 106923 105970 112077 112077 112077 105970 112077 122767 125037 131845 131845 131845 125037 125037 122767 122767 131845 143741 143741 143741 145034 145034 148605 148605 148605 145034 148605 150824 156797 156797 164759 164759 164759 156797 150824 150824 164759 169632 171631 171631 173184 173184 173184 171631 169632 169632 173184 184171
100 0
10808 10808 10808 28406 37251 37251 37251 37251 54794 62748 62748 62748 62748 74249 74249 83184 83184 83184 89076 91053 91053 91053 91053 103226 103226 107036 107036 107036 118093 127618 127618 127618 127618 138626 148357 148357 148357 148357 159603 159603 167706 167706 167706 173422 173422 180976 180976 180976 189881 189881 196686 196686 196686 211680 211680 218842 218842 218842 226154 226154 231880 231880 231880 238896 238896 238896 244727 244727 258024 264796 264796 264796 264796 282684 289985 289985 289985 289985 302893 304775 304775 304775 304775 319181 319181 328653 328653 328653 340300 347247 347247 347247 347247 361295 365942 365942 365942 365942 375527 375527
100 0
10082 10082 10082 11740 11740 21614 21614 21614 11740 21614 31593 31593 31593 38618 39669 44877 54271 54271 60492 64207 64207 64207 60492 60492 54271 44877 44877 39669 39669 64207 75050 75050 78436 78436 78436 85260 85260 93740 93740 93740 85260 75050 93827 103685 103685 103685 108145 108145 108145 108145 117588 117588 117588 120766 125472 134210 134210 134569 134569 139485 142702 142702 142702 139485 139485 134569 134210 125472 125472 142702 156270 156270 160630 160630 165075 168708 168708 168708 177424 177424 177424 165075 181976 186301 186301 186301 181976 181976 165075 186301 197226 198653 198653 206474 206474 206474 198653 213094 213094 213094
100 0
8559 8559 8559 8559 19659 19659 22099 22099 22099 31520 31520 41036 41036 41036 45425 45425 45818 45818 45818 57864 67606 67606 67606 67606 80008 88063 88063 88063 88063 101099 105566 105566 105566 105566 107635 109733 109733 109733 109733 126809 130186 130186 130186 130186 140023 142322 142322 142322 142322 151800 154349 154349 154349 154349 172100 172100 172100 176732 176732 180960 181065 181065 181065 181065 185883 189938 189938 189938 189938 199339 199339 200716 200716 200716 211988 211988 213431 213431 213431 227458 227458 233906 233906 233906 250555 250555 257940 257940 257940 274751 282361 282361 282361 282361 296755 296755 296755 302026 302026 309086
100 0
4372 4372 4372 8107 16270 16270 16270 16270 27112 27112 34730 41663 41663 41663 34730 34730 27112 41663 55359 55359 55359 59639 59639 59639 59744 59744 59744 59744 63367 71787 71787 72550 72550 72550 71787 63367 63367 72550 89669 89669 97418 105582 105582 105582 97418 97418 89669 105582 107725 107725 109902 118889 118889 118889 109902 109902 107725 118889 127390 127390 129955 129955 131398 131398 131398 129955 127390 131398 147023 147023 147023 155347 155347 155347 158558 158558 158558 158558 164439 164439 164439 167129 170802 170802 170802 167129 167129 170802 178290 178290 178290 186295 188969 188969 188969 186295 186295 188969 193082 193082
100 0
2768 2768 12307 12307 12307 20766 20766 20766 32855 33647 33647 33647 32855 33647 46247 46247 46247 52153 52153 52153 63855 69600 69600 69600 63855 69600 82337 82337 87592 87592 87592 87592 93864 100198 100198 100198 93864 100198 113207 122815 122815 122815 113207 122815 138151 139441 139441 139441 138151 139441 146546 146546 146546 147728 147728 147728 153522 153522 156976 156976 156976 156976 161595 161595 161595 169025 169025 169025 182573 185470 185470 185470 182573 185470 194790 194790 199164 199164 199164 199164 205076 205076 205076 209930 209930 209930 214760 219597 224554 232982 242749 242749 242749 232982 232982 224554 224554 219597 219597 214760
100 0
16311 21039 21039 21039 21039 33174 33174 34816 34816 34816 47726 47726 47726 53203 53203 60355 61178 61178 61178 61178 67932 67932 72350 72350 72350 81698 81698 81698 87308 87308 104683 106083 106083 106083 106083 118205 118205 128108 128108 128108 129722 135888 135888 135888 135888 152484 152666 152666 152666 152666 159388 162101 162101 162101 162101 165091 166192 166192 166192 166192 169281 169723 169723 169723 169723 187145 187145 187145 196555 196555 211904 211904 211904 212680 212680 224088 224088 224088 227961 227961 243981 243981 252054 252054 252054 266215 266215 271085 271085 271085 284248 284248 284248 292791 292791 296672 296672 296672 300668 300668
100 0
9590 9590 9590 16991 16991 24700 24700 24700 24700 41201 43417 43417 43417 41201 43417 55095 55095 56045 56045 56045 56045 72489 72489 72489 78660 78660 78660 89133 96313 96313 96313 89133 96313 110156 110156 115939 115939 115939 115939 127861 127861 127861 129125 129125 129125 133317 141962 141962 141962 133317 141962 149797 152872 152872 152872 149797 152872 165281 165281 167023 167023 167023 167023 180011 180410 180410 180410 180011 180410 190713 190713 191914 191914 191914 191914 200614 200614 210191 210191 210191 210191 223087 230688 230688 230688 223087 230688 238121 238121 243973 243973 249250 249250 249250 254477 263888 263888 263888 254477 254477
100 0
14616 22922 22922 22922 22922 30582 31602 34011 34011 42390 42854 48240 48240 56178 56178 56178 48240 42854 42854 42390 42390 34011 31602 31602 56178 69339 75072 75072 75072 69339 76179 76179 76179 69339 80052 80052 80052 81365 81365 81365 83696 89461 89461 89461 89461 101632 101632 101632 106133 114125 117589 117589 118516 126484 129459 129459 129459 126484 126484 118516 118516 117589 114125 114125 129459 136909 142622 148965 148965 155874 155874 155874 165451 167831 176775 176775 176775 167831 167831 165451 165451 148965 142622 142622 176775 192667 193159 193159 193159 196447 201327 201327 201327 204294 204294 204294 196447 196447 192667 192667
100 0
15932 25925 30864 34234 35318 35318 44139 44139 44139 35318 34234 34234 30864 30864 25925 25925 15932 15932 44139 58254 59858 59858 68510 68510 70406 76370 76370 76370 76699 79167 79167 79167 76699 76699 70406 70406 68510 59858 79167 91149 91149 91149 101144 109498 114912 114912 119031 121186 126687 126687 126687 121186 121186 119031 119031 114912 109498 109498 126687 130923 130923 138942 138942 138942 139974 139974 149457 157159 157159 157159 149457 149457 162080 169333 169333 169333 162080 162080 169333 180678 181668 181668 181668 191279 198178 201070 201070 201070 198178 198178 210060 210060 214883 214883 214883 210060 191279 191279 214883 227723
100 0
15993 21644 21644 21644 15993 21644 25231 25231 33466 33466 38391 41641 42145 42145 42145 41641 41641 38391 38391 43310 43310 46863 46863 46863 43310 46863 60262 60262 60262 67313 76024 85455 85455 86642 86642 86642 85455 89779 89779 93419 93419 93419 89779 76024 76024 93419 106912 106912 106912 109909 109909 114069 114069 121781 123620 123620 128860 137313 137313 137313 128860 128860 123620 121781 121781 137313 145725 149880 149880 158851 158851 167309 167309 167309 158851 149880 173519 173519 180947 181842 181842 181842 180947 180947 173519 181842 192433 200057 207459 207459 207459 213276 216782 216782 216782 213276 213276 200057 200057 192433
100 0
8363 8556 8556 8556 8363 12706 16667 16667 16667 12706 12706 16667 23460 24671 24671 31899 34430 34430 34430 41797 46061 47895 47895 47895 46061 46061 41797 41797 31899 31899 24671 47895 61837 71223 71223 71223 77983 77983 78254 78254 78254 87865 92775 92775 92978 92978 92978 92775 87865 87865 77983 92978 104088 104088 109947 116925 116925 123768 123768 125028 125028 127216 127216 136163 136163 136163 127216 125028 123768 116925 109947 136163 140380 140380 145629 149667 149667 157227 157227 159184 159184 160752 165625 165625 165625 160752 160752 159184 157227 149667 145629 165625 181901 181901 185015 194362 194362 194362 185015 185015
100 0
8427 10790 10790 13622 13622 13622 13622 20024 22926 22926 22926 20024 22926 27768 27768 31329 31329 31329 31329 40057 46160 46160 46160 40057 46160 61903 61903 68377 68377 68377 68377 76601 81954 81954 81954 76601 81954 93684 95536 95536 95536 93684 95536 102954 102954 102954 109353 109353 109353 118404 118404 118404 126903 126903 126903 137268 137268 137268 139035 139035 139035 154212 154212 154212 156834 156834 156834 165993 165993 175047 175047 175047 175047 183191 183191 183191 188125 188125 188125 195424 195424 198412 198412 198412 198412 202288 209966 214831 219295 222830 222830 222830 219295 219295 214831 214831 209966 209966 202288 202288
100 0
2305 2305 2305 13188 23120 23120 23251 27300 29374 35250 38177 38177 38177 35250 35250 29374 29374 27300 27300 23251 23251 23120 38177 48693 48693 48693 50464 57668 57668 62298 67859 74617 77901 77901 77901 74617 74617 67859 67859 62298 62298 57668 77901 84473 85970 85970 85970 84473 92378 97623 104722 111216 116183 116183 116183 111216 111216 104722 104722 97623 97623 92378 116183 131699 131699 138271 138271 138271 131699 146250 148954 154218 154218 154218 148954 158365 165250 165250 165250 158365 158365 148954 165250 176965 183959 183959 184402 194105 194105 194105 184402 184402 196490 205581 205581 205581 196490 196490 183959 176965
100 0
10539 10539 13038 13038 13038 10539 20905 27099 28048 32836 32836 32836 28048 28048 27099 27099 20905 20905 32836 42952 45869 51544 57410 67102 72438 72438 72438 67102 80859 80859 80859 67102 57410 57410 51544 51544 45869 45869 80859 88082 88082 88082 91238 91238 98611 98611 99238 104754 114682 114682 114682 104754 121927 121927 121927 104754 99238 99238 121927 133261 133261 140166 140166 140299 140299 145203 148402 156972 159103 159103 159103 156972 156972 148402 148402 145203 145203 140299 159103 167739 175183 175183 175183 167739 184284 184284 188931 196562 196562 202493 207933 207933 207933 202493 202493 196562 188931 188931 207933 223323
100 0
12657 12657 12657 21314 21314 36852 46368 46368 46368 46368 56584 59777 59777 59777 59777 67984 70455 70455 70455 70455 76550 76923 76923 76923 76923 85205 93907 93907 93907 93907 110373 110373 110373 116347 116347 130330 132602 132602 132602 132602 142950 148911 148911 148911 148911 158023 158023 166406 166406 166406 185180 192792 192792 192792 192792 203014 211463 211463 211463 211463 214466 223089 223089 223089 223089 233778 239549 239549 239549 239549 247060 249460 249460 249460 249460 264650 264650 271725 271725 271725 280842 284979 284979 284979 284979 293401 293401 300552 300552 300552 311298 311298 311298 319758 319758 324695 330416 330416 330416 330416
100 0
6840 6840 6840 10437 17371 25610 25610 25610 17371 17371 10437 10437 25610 37035 37035 43414 43414 48987 51441 51441 57853 57853 67413 76292 76292 76292 67413 67413 57853 51441 48987 48987 76292 85548 92734 101154 101154 103170 108940 118524 118524 118524 108940 118534 118534 118534 108940 103170 103170 101154 92734 92734 118534 128999 134713 134713 140701 140701 140701 150340 155102 155102 155102 162310 162310 162310 150340 169696 169696 169696 150340 134713 169696 182870 184413 184760 184760 184760 193315 193315 197582 204814 207263 207263 207263 204814 204814 197582 197582 193315 184413 184413 207263 221625 221625 222522 222522 222522 221625 230892
100 0
7236 7236 7236 7236 8803 17231 17231 17231 8803 17231 23012 23012 28725 28725 28725 28725 42861 42861 52821 52821 52821 52821 69749 69749 69749 74782 74782 74782 90833 90833 100440 100440 100440 100440 112790 116801 116801 116801 112790 116801 128501 128501 128771 128771 128771 128771 140870 140870 142046 142046 142046 142046 148568 156044 156044 156044 148568 156044 169649 169649 169649 171640 171640 171640 174602 174602 174602 183137 183137 183137 190824 190824 198022 198022 198022 198022 208349 208349 214692 214692 214692 214692 223032 231849 231849 231849 223032 231849 236534 236534 243113 251564 251564 253799 253799 253799 251564 243113 243113 236534
100 0
11348 11348 11348 23979 23979 23979 33320 33320 44766 44845 44845 44845 44845 51668 51668 52456 52456 52456 62854 64203 64203 64203 64203 75404 81519 81519 81519 81519 85158 85158 92687 92687 92687 104263 111437 111437 111437 111437 120725 120725 120725 130126 130126 134561 141502 141502 141502 141502 159189 161661 161661 161661 161661 178435 178435 183356 183356 183356 190789 190789 190789 195688 195688 206685 206685 206685 210704 210704 227124 228796 228796 228796 228796 237647 237647 237647 240272 240272 247360 247360 247360 249203 249203 258397 259413 259413 259413 259413 265140 273476 273476 273476 273476 279821 279821 279821 283688 283688 292159 292159
100 0
16009 22750 27869 27869 37482 37482 37482 27869 22750 22750 16009 37482 46844 46844 46844 52530 52530 53785 58829 58829 65975 65975 75586 75586 75586 83785 83785 83785 65975 58829 53785 83785 94184 98482 102292 107277 107277 107277 102292 107774 107774 110308 110308 114095 114095 114095 110308 107774 102292 98482 98482 114095 128253 135943 135943 139152 143347 148985 151494 151494 151494 159087 159087 159087 148985 148985 143347 143347 139152 139152 135943 159087 170187 170187 171868 171868 171868 170187 172224 172224 172224 181925 186770 186770 186770 196267 196267 196267 181925 199213 199213 199213 207622 210683 218184 218184 218184 210683 210683 207622
100 0
16165 16165 16165 33520 33520 33520 39178 39178 49521 49521 49521 52499 52499 61909 68750 68750 68750 68750 77150 81927 81927 81927 81927 90847 99648 99648 99648 99648 106594 106594 114544 114544 114544 127042 127042 127042 136399 136399 152266 152266 152898 152898 152898 161624 161624 161624 167268 167268 174139 174139 174139 183367 183367 191191 197831 197831 197831 197831 209245 209245 213043 213043 213043 226282 235213 235213 235213 235213 238990 238990 238990 246392 246392 261163 261163 261163 267918 267918 273383 278276 278276 278276 278276 293298 296315 296315 296315 296315 305353 305353 314846 314846 314846 325317 325317 325317 332383 332383 341313 341313
100 0
5727 5727 14369 22473 22473 22473 22473 28974 36414 36414 36414 36414 39569 39569 39569 40697 40697 50329 50805 50805 50805 50805 55294 55294 58401 58401 58401 63026 63026 65785 65785 65785 69975 77778 77778 77778 77778 82178 82178 87036 87036 87036 94867 94867 95030 95030 95030 104749 104749 105657 105657 105657 115077 120208 120208 120208 120208 128911 134962 134962 134962 134962 142550 142550 149732 149732 149732 160217 169993 169993 169993 169993 175989 185952 185952 185952 185952 196659 197959 197959 197959 197959 204739 205470 205470 205470 205470 216199 216199 216509 216509 216509 220862 229109 229109 229109 229109 243297 243297 243297
100 0
4759 13960 16154 16154 16154 13960 16154 24902 24902 29043 29043 29043 29043 31022 31022 36491 36491 36491 36491 46619 46619 55106 55106 55106 55106 58825 58825 59681 59681 59681 59681 71215 79827 79827 79827 71215 79827 97206 97206 104375 104375 104375 104375 117462 117462 117462 123788 123788 123788 131582 131582 131981 131981 131981 131981 141218 141218 150932 150932 150932 150932 157050 166242 166242 166242 157050 166242 173265 180508 180508 180508 173265 180508 193853 195495 195495 195495 193853 195495 204725 213675 213675 213675 204725 213675 227014 227014 227014 234095 236760 238170 247687 247687 247687 238170 238170 236760 236760 234095 234095
100 0
18108 18108 18108 31270 38999 38999 38999 38999 44597 44597 53386 53386 53386 58330 58330 62270 62270 62270 73418 81779 81779 81779 81779 91797 91797 96827 96827 96827 111568 117675 117675 117675 117675 128100 128100 128100 130329 130329 139495 139495 139495 140851 140851 151642 151642 155462 155462 155462 163404 163594 163594 163594 163594 181275 183280 183280 183280 183280 185966 185966 185966 190640 190640 203711 203711 203711 205044 205044 210184 210184 210184 214374 214374 226812 226812 229308 229308 229308 245746 245746 255577 255577 255577 257087 257087 257087 263073 263073 267753 269247 269247 269247 269247 277920 277920 279054 279054 279054 291774 291774
100 0
7807 13949 13949 14493 14493 14493 13949 7807 23829 23829 23829 7807 28666 28666 28666 28666 31720 31720 37023 37023 42770 42770 42770 46189 47130 47130 47130 46189 46189 54193 62412 62412 62412 54193 54193 62412 71633 75830 77879 77879 81115 90602 90602 95390 103094 103094 103094 95390 95390 90602 81115 81115 77879 75830 75830 103094 109301 110610 110610 110610 109301 109301 111996 111996 121377 121377 121377 111996 122393 128880 133478 133478 133478 128880 128880 133478 144821 152941 162183 164557 165973 165973 169412 177984 177984 177984 169412 169412 165973 164557 164557 162183 162183 152941 152941 177984 190926 198169 198169 198169
100 0
9256 9256 16034 16034 16034 22653 22653 33426 33426 33426 34137 34137 47828 49589 49589 49589 49589 62139 68445 68445 68445 68445 76168 76168 76168 78016 78016 88322 88322 88322 90153 90153 100000 100000 100000 101454 101454 105114 107880 107880 107880 107880 118500 123576 123576 123576 123576 129393 130824 130824 130824 130824 145448 145448 145448 151964 151964 160102 167838 167838 167838 167838 179055 179055 182456 182456 182456 195023 200775 200775 200775 200775 203791 203791 203791 207083 207083 221754 231041 231041 231041 231041 241887 241887 241887 244233 244233 255691 255691 257531 257531 257531 263446 263446 263446 269350 269350 279220 279220 279220
100 0
10088 10489 10489 10489 10088 10088 10489 19298 26143 28853 28853 28853 26143 26143 19298 19298 28853 36761 41644 50685 50685 50685 41644 41644 36761 36761 50685 66576 72418 72418 72418 76808 76808 76808 66576 66576 76808 89840 89840 89840 93334 93334 93334 94046 94046 94046 94046 95713 95713 95713 98757 99380 99380 99380 98757 98757 99380 113620 118367 118367 124157 124157 124157 118367 113620 113620 124157 133423 139745 149524 149524 149524 139745 139745 133423 133423 149524 151749 157868 161988 161988 161988 157868 157868 151749 151749 161988 171846 171846 177887 185792 185792 185792 177887 177887 171846 185792 195043 195043 195043
100 0
10216 18918 18918 18918 18918 32553 37542 42084 42084 42084 37542 37542 32553 32553 42084 51661 60346 60346 60346 68775 68775 68775 51661 51661 68775 76039 76039 82786 90071 90071 90071 82786 82786 76039 90071 99734 99734 99734 107907 114343 114343 114343 107907 107907 114343 121345 121345 122806 122806 122806 121345 132688 132688 132688 132688 141556 141556 141556 150661 150661 158194 158194 158194 150661 158194 166369 175468 175468 175468 166369 181624 181624 181624 166369 181624 192410 192410 192410 199835 199835 199835 208747 208747 208747 208747 212244 212244 212244 212874 212874 219113 219113 219113 212874 219113 220118 220693 220693 220693 220118
100 0
5186 6494 6494 6494 5186 11942 11942 16669 17691 17691 17691 27558 27558 27558 16669 16669 11942 5186 27558 39323 44625 44625 44625 39323 48699 53102 53102 53102 62358 66157 71664 71664 71664 66157 66157 62358 62358 48699 71664 83346 83598 91981 91981 91981 101741 104673 104673 104673 114344 117564 117564 117564 114344 114344 101741 101741 83598 83598 117564 127667 127667 127667 137320 137320 137320 139464 145749 145749 145749 150539 150539 150539 139464 150718 150718 157610 157610 157610 157610 166721 168826 175296 175296 175296 168826 168826 166721 166721 181498 181498 182043 182043 182043 181498 191805 191805 196355 196355 196355 210169
100 0
10711 10711 10711 11858 11858 11858 21162 21723 21723 21723 21162 21723 28706 28706 28706 35912 35912 35912 47857 50000 50000 50000 47857 50000 61950 68150 68150 68150 61950 68150 74265 74265 75292 75292 75292 75292 85061 85061 85061 86410 86410 86410 103996 109579 109579 109579 103996 109579 111409 119139 119139 119139 111409 119139 132609 132609 132609 140388 140388 140388 148093 148093 157311 157311 157311 157311 169501 169501 177441 177441 177441 177441 190542 190728 190728 190728 190542 190728 193809 193809 193809 198647 198647 198647 214535 224184 224184 224184 214535 224184 234497 238160 244816 252710 252710 252710 244816 244816 238160 238160
100 0
10349 10349 17668 17668 17668 17668 29083 29083 29083 33768 33768 33768 48464 56439 56439 56439 48464 56439 68022 72544 72544 72544 68022 72544 83238 86256 86256 86256 83238 86256 102529 110828 110828 110828 102529 110828 112451 112451 116460 116460 116460 116460 124321 128849 128849 128849 124321 128849 134412 144176 144176 144176 134412 144176 151133 159517 159517 159517 151133 159517 174935 183127 183127 183127 174935 183127 195976 196961 196961 196961 195976 196961 213884 213884 215111 215111 215111 215111 217639 217639 219067 219067 219067 219067 224330 224330 231232 231232 231232 231232 242461 251353 251353 251353 255055 260507 260507 260507 255055 255055
100 0
5800 5800 11561 11561 11561 28840 28840 37715 37715 44796 44796 51096 53402 54123 54123 55102 55102 55102 54123 53402 53402 51096 51096 44796 55102 66124 66124 69640 69640 69640 79376 79376 82069 85690 93173 94731 94731 94731 93173 93173 85690 85690 82069 82069 94731 102688 102688 112087 112087 112087 114553 121126 123400 124841 124841 124841 124843 124843 124843 123400 123400 121126 121126 114553 124843 138898 138898 141757 141757 141757 145924 145924 145924 146277 146277 152536 160886 170208 170208 170208 160886 160886 152536 152536 170208 179153 179153 179556 186035 186035 186035 179556 179556 190342 195516 195516 195516 190342 190342 179153
100 0
5768 5768 5768 5768 11937 11937 11937 15345 15345 15345 33055 33055 41004 41004 41004 41004 58169 58169 63042 63042 63042 63042 71275 71275 78922 78922 78922 78922 82948 86767 86767 86767 82948 86767 89799 99035 99035 99035 89799 99035 111848 119240 119240 119240 111848 119240 135350 143046 143046 143046 135350 143046 157283 157283 162686 162686 162686 162686 172720 172720 172720 180944 180944 180944 183327 193175 193175 193175 183327 193175 203133 205138 205138 205138 203133 205138 217399 217399 217399 222790 222790 222790 230495 230495 230495 236948 236948 236948 239101 243097 251273 251770 251770 251770 251273 251273 243097 243097 239101 239101
100 0
12990 12990 14670 14670 24086 24086 27056 27056 27056 24086 27056 42202 42202 45083 45083 45083 42202 51211 51512 59233 59233 63103 70815 70815 70815 63103 63103 59233 51512 51512 70815 86054 86054 89081 90320 90320 97325 97325 97325 97627 97627 97627 97697 97697 97697 90320 89081 105610 105610 105610 105610 118451 118849 118849 126958 131124 135482 143939 153444 153444 153444 143939 143939 135482 135482 131124 131124 126958 126958 118849 153444 161472 161820 166349 167284 171241 171560 179230 179230 179230 171560 171560 171241 171241 167284 167284 166349 166349 161820 161820 179230 190856 198900 198900 198900 206405 206405 206405 190856 190856
100 0
3513 18607 26749 31966 31966 31966 40733 42963 44644 45198 45198 45198 44644 44644 42963 42963 40733 40733 26749 26749 45198 57270 57270 57270 59718 59718 62872 63243 64015 64015 64015 63243 63243 62872 68644 68644 68644 77788 77788 77788 77788 84641 93437 103185 104215 104215 104215 103185 103185 93437 93437 105086 106618 106618 106618 105086 112078 112078 112078 105086 112078 121301 121301 127930 127930 127930 121301 134034 137873 137873 137873 134034 144057 144057 147105 147105 149027 149027 149027 147105 149027 163918 163918 166833 166833 173675 173675 177840 177840 184985 188786 189349 189349 189349 188786 188786 184985 184985 177840 173675
100 0
12264 12264 26909 27368 27368 30330 30330 30330 27368 26909 26909 30330 38930 48388 48388 48388 52465 52465 52465 38930 38930 52465 62568 67895 67895 67895 77442 77442 77442 62568 62568 77442 88596 88596 96211 101291 101291 101291 96211 96211 88596 101291 104917 109377 109377 116466 116466 116466 109377 104917 104917 116466 126759 128942 133311 133311 133311 128942 128942 126759 126759 133311 148890 156617 156617 156617 163341 163341 163341 148890 148890 163341 173454 180297 180297 180297 173454 180980 180980 180980 173454 180980 198134 198134 198134 207957 207957 211219 211219 211219 207957 211219 217918 225402 232517 232517 232517 225402 225402 217918
100 0
4929 14801 14801 14801 14801 24315 32028 32028 32028 24315 32028 46522 46522 54867 54867 54867 54867 66669 69015 69015 69015 66669 69015 78983 78983 78983 87801 87801 87801 105352 105352 110847 110847 110847 110847 124951 124951 124951 125460 125460 125460 140445 150423 150423 150423 140445 150423 152987 152987 152987 160697 160697 160697 178798 178798 184753 184753 184753 184753 197385 199262 199262 199262 197385 199262 214852 214852 214852 219511 219511 219511 230184 230184 230184 233682 233682 233682 248296 250502 250502 250502 248296 250502 261330 265940 265940 265940 261330 265940 283645 283645 292214 301105 301105 301105 292214 292214 301861 301861 301861
100 0
11320 15890 24288 30842 30842 30842 24288 24288 15890 15890 11320 11320 30842 46581 46581 50511 50586 50586 50883 58339 68113 68113 68420 68420 68420 68113 58339 58339 50883 50883 50586 50511 68420 77841 77841 86092 89248 94628 94628 94628 89248 97134 97134 105117 111195 111195 111195 105117 105117 97134 89248 86092 111195 115453 115453 118395 122830 125015 126513 136344 136344 139677 139677 139677 136344 126513 126513 125015 125015 122830 122830 118395 139677 149002 152937 152937 162824 169277 169277 174229 182757 182757 183929 183929 183929 182757 174229 174229 169277 162824 162824 152937 183929 193082 193082 193082 199182 199182 204426 204426
100 0
17425 17425 17425 17425 25827 25827 25827 27939 27939 27939 33813 33813 41334 47448 55257 55257 60180 60180 60180 55257 47448 47448 41334 60180 72131 72131 72157 72157 72657 72657 73176 76782 77851 77851 81030 81030 81030 77851 76782 76782 73176 73176 72657 81030 86675 87690 87690 87690 86675 93295 94484 94484 94484 103403 103403 112346 112346 112346 114810 114810 114810 103403 93295 114810 126461 126461 126461 130431 139040 145558 152858 159492 160683 160683 160683 159492 159492 152858 152858 145558 145558 139040 139040 160683 170793 179062 186949 186949 186949 195381 201127 203295 203295 203295 201127 201127 195381 195381 179062 179062
100 0
9805 24314 24314 28193 28193 29261 29261 29261 28193 24314 29261 40361 41201 49777 49777 49777 41201 41201 40361 40361 49777 65019 74501 76335 76335 76335 74501 74501 65019 65019 76335 80849 80849 80849 83043 83043 83043 83976 83976 83976 83976 91283 98303 98303 103393 103393 103393 98303 91283 91283 103393 108934 115022 124108 124108 124108 115022 115022 108934 108934 124108 133969 141843 142549 142549 142549 141843 141843 133969 133969 142549 150912 157033 163093 163093 163093 157033 157033 150912 150912 163093 170795 171063 171063 171063 175326 175326 175326 170795 170795 175326 181634 189787 196564 196564 196564 189787 189787 181634 181634
100 0
9972 14970 24823 26082 26920 26920 26920 26082 26082 24823 24823 14970 14970 26920 35228 35936 35936 38075 38075 47944 47944 56875 56875 58534 58534 58534 56875 62821 62821 62821 47944 38075 35936 62821 74132 81612 87828 97235 103302 103834 103834 103834 103302 107347 107347 107347 103302 97235 97235 87828 87828 81612 81612 107347 117829 127229 127229 127229 117829 133900 133900 133900 139819 149716 149716 149716 158961 161565 161565 161565 158961 158961 139819 161565 174993 177959 177959 182299 182299 182299 187669 187669 187669 177959 174993 174993 195309 195309 204679 204679 209967 209967 209967 209967 228180 228180 228180 231181 231181 231181
100 0
6962 6962 15574 15574 15574 18580 24246 24246 24246 18580 24246 37592 37592 40783 40783 40783 40783 50432 52453 52453 52453 50432 52453 66779 76063 76063 76063 66779 76063 81183 83785 83785 83785 81183 83785 92154 97094 97094 97094 92154 97094 106024 114009 114009 114009 106024 114009 120561 120561 127383 127383 127383 127383 135969 135969 135969 144496 144496 144496 155346 155346 164873 164873 164873 164873 182198 182198 191214 191214 191214 191214 198183 198183 207412 207412 207412 207412 219012 219012 219012 227834 227834 227834 237392 237392 240755 240755 240755 240755 250581 252764 252764 252764 260459 260459 260459 250581 269669 269669 269669
100 0
9031 9031 9031 9550 16270 16270 23727 23727 23727 16270 9550 23727 30107 32226 34486 34486 34486 32226 32226 30107 30107 36556 41849 51847 51847 57435 57435 57435 51847 41849 41849 57435 68225 73417 73417 80604 80604 90400 92901 95190 95190 95190 99402 99402 99402 92901 92901 90400 90400 80604 73417 99402 105885 105885 105885 115271 115271 115271 116300 122650 129738 134971 134971 134971 129738 137232 137232 137232 129738 122650 122650 137232 142806 142806 142806 151803 156464 156464 156464 164997 164997 168471 170592 170592 179065 179065 179065 170592 168471 168471 164997 179065 188887 188887 195558 200506 200506 200506 195558 195558
100 0
12966 12966 20086 20086 25867 25867 25867 25867 39346 39346 44105 44105 44105 44105 54480 54480 56965 56965 56965 56965 59221 69030 69030 69030 59221 69030 72027 72027 72027 75426 75426 75426 77754 77754 77754 82661 82661 82661 90932 90932 90932 99057 99057 99057 110818 110818 117882 117882 117882 117882 127233 131896 131896 131896 127233 131896 143079 149261 149261 149261 143079 149261 161617 166039 166039 166039 161617 166039 180983 180983 185717 185717 185717 185717 189998 189998 189998 199247 199247 199247 211430 211430 211430 220099 220099 220099 237953 237953 237953 239151 239151 245010 246442 246442 251478 251478 251478 246442 245010 245010
100 0
16627 16627 23906 29225 29225 29225 38259 41357 41357 41357 38259 38259 23906 41357 55150 57111 57111 57111 55150 55150 62490 69154 76590 76590 76590 80419 87625 87625 87625 80419 80419 69154 69154 87625 106106 108401 108401 108401 109841 109841 115208 115208 115208 124076 126606 126606 126606 124076 124076 130210 130210 130210 109841 130210 140474 140474 146924 146924 146924 151412 152692 161181 165999 168728 168728 168728 165999 165999 161181 161181 152692 152692 151412 168728 178611 181279 181279 190334 190334 190334 198650 198650 206920 207786 207786 207786 217520 217520 217520 206920 206920 198650 181279 217520 228294 228294 233244 233244 233244 228294
100 0
8800 8800 8800 20693 26313 26313 26313 20693 26313 39432 46519 46519 46519 39432 46519 56835 64417 64417 64417 56835 64417 73322 73322 73322 81505 81505 81505 87108 96273 96273 96273 87108 96273 105382 114928 114928 114928 105382 114928 125857 125857 129200 129200 129200 129200 137337 141983 141983 141983 137337 141983 152950 152950 152950 161941 161941 161941 173173 180605 180605 180605 173173 180605 185240 185240 195083 195083 195083 195083 210706 214858 214858 214858 210706 214858 227972 231283 231283 231283 227972 231283 235246 236978 236978 236978 235246 236978 250646 254607 254607 260472 260472 265326 265326 265326 268398 268398 268398 260472 254607
100 0
3395 4910 4910 11411 18134 18134 18134 24149 24149 24149 11411 11411 4910 3395 3395 24149 32312 32312 32312 40041 40041 42790 42790 51846 51846 51846 58039 58039 58039 42790 62230 71906 71906 71906 62230 71906 82640 92396 92396 96597 98827 98827 98827 105929 106604 112682 112682 112682 106604 106604 105929 105929 96597 96597 92396 112682 119962 119962 119962 120241 128447 134727 134727 134727 140303 140303 140303 144704 151195 151195 151195 144704 144704 128447 128447 151195 152099 152099 159463 159463 159463 159797 162903 162903 168706 177242 177242 177242 168706 186396 186396 186396 168706 162903 159797 186396 197233 198621 198621 198621
100 0
11209 11209 11209 16444 16444 30020 30020 36945 36945 36945 42257 42257 51097 51097 51097 62278 62278 65190 65190 65190 79431 84313 84313 84313 84313 91768 100665 100665 100665 100665 118025 118192 118192 118192 118192 130947 137367 137367 137367 137367 150079 150079 151748 151748 151748 166710 168635 168635 168635 168635 182328 186486 186486 186486 186486 200522 204668 204668 204668 204668 205651 209581 209581 209581 209581 223458 223458 223713 223713 223713 233295 233295 238852 238852 238852 241395 249294 249294 249294 249294 256564 256818 256818 256818 256818 262145 264663 264663 264663 264663 277704 277704 277704 279232 279232 292077 296845 296845 296845 296845
100 0
6524 17538 17538 24952 24952 24952 41270 46787 46787 46787 46787 58592 61559 61559 61559 61559 68774 68774 69880 69880 69880 83353 87212 87212 87212 87212 102553 102553 102553 108001 108001 121444 121444 121444 128570 128570 129994 133849 133849 133849 133849 142895 142895 142895 148017 148017 156624 162693 162693 162693 162693 178231 178231 178231 185727 185727 193450 194853 194853 194853 194853 200873 207033 207033 207033 207033 220590 220590 220590 223400 223400 237501 242932 242932 242932 242932 255057 255057 255057 263960 263960 271273 271273 280256 280256 280256 290456 297077 297077 297077 297077 307465 307465 312449 312449 312449 328052 328052 328052 333359
100 0
12799 12799 12799 13092 20411 25249 25249 25249 20411 20411 13092 13092 25249 33944 33944 33944 37992 44209 53915 60106 60106 60912 60912 65682 65682 65682 60912 60106 53915 53915 44209 44209 65682 81063 81063 83253 83253 83981 83981 85544 92726 96881 106832 106832 106832 96881 96881 92726 92726 85544 85544 83981 106832 118988 118988 125551 132538 132538 138136 138136 145743 145743 147703 147703 151851 151851 151851 147703 145743 138136 132538 125551 151851 168049 168049 168049 171110 178424 178424 178424 180427 187294 190914 195286 195286 195286 190914 190914 187294 187294 180427 180427 195286 205861 214387 214387 218236 218236 218236 214387
100 0
6901 6901 15270 15270 25088 25088 28323 28323 28323 25088 15270 28323 40888 49403 49403 49403 40888 40888 57349 57349 57349 57349 61470 61470 61470 69909 69909 69909 79335 79335 79335 79335 84822 93044 99367 99367 99367 93044 93044 84822 84822 99367 113895 113895 113895 119158 119158 119158 127654 127654 127654 127654 139182 139182 139182 148167 148167 148167 149836 149836 149836 149836 165976 165976 166899 173682 173682 173682 166899 166899 165976 173682 187967 197744 205491 205491 205491 197744 197744 187967 187967 205491 215422 215422 215422 221733 221733 225622 225622 225622 221733 225622 237326 237326 243092 244046 244046 244046 243092 243092
100 0
8567 18225 18225 18261 23525 24822 24822 24822 23525 23525 18261 18261 18225 8567 8567 24822 37329 44574 47859 47859 47859 51788 58989 68310 68310 68310 58989 58989 51788 51788 71061 71061 71061 44574 44574 71061 87937 96994 100888 108674 116246 116246 117414 119160 119160 119160 117414 117414 116246 108674 108674 100888 100888 96994 96994 119160 132520 141151 146742 146742 146742 147766 148517 156352 156352 156352 148517 148517 147766 166301 166301 166301 147766 141151 141151 166301 179991 179991 179991 187208 187208 191943 191943 201380 201380 209446 218270 218270 221885 221885 221885 218270 209446 209446 201380 221885 231228 237952 237952 237952
100 0
5868 5868 5868 5868 21814 27819 34683 34683 34683 27819 27819 21814 21814 34683 42577 42577 42577 46169 50719 50719 50719 46169 46169 50719 55416 59171 59171 67500 67500 67500 59171 55416 55416 67500 79082 79555 79555 79555 80489 80489 80489 79082 79082 80489 96475 96475 96475 98924 98924 99930 99930 99930 98924 99930 109600 117306 117306 117306 125605 125605 125605 109600 109600 125605 142591 142591 142591 151573 151573 153980 153980 153980 151573 153980 165787 165787 171405 173462 173462 173462 171405 171405 165787 173462 177342 183234 184305 184305 184305 183234 183234 177342 177342 184305 188356 189644 189644 189644 188356 188356
100 0
5083 5083 20076 20076 20615 20615 20615 31632 34888 34888 34888 34888 45470 45470 48377 48377 48377 57589 57589 63410 63410 63410 71895 80029 80029 80029 80029 89748 91670 91670 91670 91670 102714 110714 110714 110714 110714 129511 129511 129612 129612 129612 146260 146260 153613 153613 153613 164707 164707 164707 174071 174071 185520 193550 193550 193550 193550 205254 208581 208581 208581 208581 223009 223009 223009 231018 231018 239055 247798 247798 247798 247798 253172 253172 253172 262066 262066 273212 275047 275047 275047 275047 288315 295013 295013 295013 295013 307241 314096 314096 314096 314096 322607 322607 322607 329764 329764 343134 343134 343134
100 0
13008 13008 13008 15900 15900 20864 20864 20864 20864 32275 41437 41437 41437 32275 41437 55135 63448 63448 63448 55135 63448 74144 74144 74144 78490 78490 78490 95303 95303 95303 104309 104309 104309 110979 116009 116009 116009 110979 116009 129827 130347 130347 130347 129827 130347 141751 144597 144597 144597 141751 144597 152467 152467 152891 152891 152891 152891 163722 165417 165417 165417 163722 165417 180644 180644 180644 190432 190432 190432 192395 192395 192395 201752 201752 201752 207578 207578 212828 212828 212828 212828 230583 230583 230583 237739 237739 237739 242604 242604 242604 248338 248338 248338 257454 263542 263542 268720 268720 268720 263542
100 0
1590 8259 8259 8259 18062 18062 23560 26624 26624 26624 26624 30039 30039 30039 39539 39539 51700 51700 51700 60080 60080 65083 65083 65083 69369 69369 78752 83096 83096 83096 83096 86173 86173 88994 88994 88994 90588 90588 90588 98396 98396 109615 109615 119403 119403 119403 133528 138809 138809 138809 138809 146185 146185 146185 152249 152249 160505 160505 161415 161415 161415 170819 170819 170819 171010 171010 188476 193549 193549 193549 193549 211382 219853 219853 219853 219853 228178 228178 228178 238028 238028 248283 257546 257546 257546 257546 267401 271828 271828 271828 271828 286200 287425 287425 287425 287425 300369 300369 303040 303040
100 0
11016 16634 16634 16634 11016 11016 25550 25550 25550 35081 35081 35081 42989 52414 52414 52414 42989 42989 55824 55824 55824 59214 59214 59214 62662 62662 65546 65546 65546 77807 77807 86343 86343 95777 102507 110532 110532 116463 117271 117271 117271 116463 116463 110532 102507 102507 95777 95777 117271 129865 129865 138750 138750 138750 129865 148264 148264 148264 149915 149915 149915 157258 159374 159374 167365 167365 167365 159374 167365 182232 182232 182232 189696 194684 195126 204780 204780 204780 195126 214313 221608 221608 221608 214313 214313 195126 194684 194684 221608 235756 235756 239748 239748 241081 251079 251079 251079 241081 241081 239748
100 0
5708 5708 5708 5708 12178 19629 19629 19629 12178 19629 30051 39739 39739 39739 30051 39739 53023 53023 53023 55771 55771 55771 70786 70786 72366 72366 72366 72366 85560 91915 91915 91915 85560 91915 95946 95946 95946 101681 101681 101681 111804 111804 114040 114040 114040 114040 127273 136217 136217 136217 127273 136217 139497 139497 147912 147912 147912 147912 161922 161922 161922 163672 163672 163672 174257 174257 174257 175894 175894 175894 185207 194008 194008 194008 185207 194008 206377 206377 206377 207839 207839 207839 217001 217001 217001 226154 226154 226154 237121 245423 245423 252138 252138 256365 256365 256365 252138 245423 237121 237121
100 0
12524 21353 30476 30476 30476 21353 21353 12524 30476 34186 41412 41412 51404 51404 51404 41412 34186 34186 51404 53623 53623 59882 68392 68392 68392 59882 59882 53623 68392 82149 82149 82149 86694 86694 86694 90930 90930 90930 90930 102569 102569 102569 111596 112293 112293 112293 111596 111596 112293 120347 123292 123292 124687 124687 124687 123292 120347 120347 124687 136494 136494 146150 148370 148370 148370 146150 146150 136494 148370 159483 159483 159483 169156 169156 169156 170975 170975 170975 170975 185437 189787 189787 199515 199515 199515 189787 185437 185437 199515 211714 215076 215076 215076 211714 221081 221081 221081 211714 221081 226967
100 0
11220 14456 14456 14456 11220 16469 16469 16469 11220 16469 27062 27674 28401 28401 28401 27674 28780 32290 37257 37257 43202 43202 43202 37257 32290 32290 28780 28780 27674 43202 48185 48185 48185 57006 57006 65413 65413 73738 73738 73738 81720 84935 90806 90806 90806 84935 84935 81720 81720 90806 102697 109605 111473 115565 115565 116658 121936 122749 122749 122749 121936 121936 116658 116658 115565 111473 111473 109605 109605 122749 127349 127349 136216 136216 136216 145736 151882 151882 151882 153378 162358 162358 164596 164596 164596 162358 153378 153378 145736 164596 171672 173927 177428 177428 186205 186205 186205 177428 173927 173927
100 0
17940 17940 17940 34185 34185 40751 45906 45906 45906 40751 40751 34185 45906 58146 59454 59454 59454 68481 68481 68481 58146 58146 68481 83803 83803 87720 87720 92025 92025 92025 87720 83803 92025 98157 100922 110027 110027 110027 100922 100922 98157 98157 110027 113966 114062 116574 116574 116574 114062 114062 113966 113966 116574 123493 132259 132259 138683 138683 138683 132259 123493 123493 138683 150006 159107 168873 168873 168873 159107 159107 150006 150006 168873 181235 184513 184513 187878 187878 187878 184513 181235 181235 187878 203737 207493 207493 211578 211578 211578 207493 203737 203737 211578 227460 227460 233004 233004 237312 237312 237312
100 0
19217 19217 20548 20548 20548 19217 24789 30944 37603 37603 37603 30944 46175 46175 46175 30944 24789 24789 46175 49895 49895 49895 55345 55345 55345 57995 57995 65703 74577 74577 78691 86374 86374 86374 78691 78691 74577 65703 86374 91056 96076 104568 110040 119815 119815 119815 128578 128578 134143 134143 134143 128578 110040 110040 104568 104568 96076 96076 134143 147295 148407 148407 148407 147295 154309 154309 154323 154323 154323 155013 163528 163634 163634 163634 163528 163528 155013 155013 163634 170978 176769 176769 183607 192487 194839 194839 197771 197980 197980 197980 197771 197771 194839 192487 192487 183607 183607 176769 197980 214265
100 0
16144 16144 21066 21066 24753 24753 24753 37806 41953 41953 41953 41953 53838 53838 61000 61000 61000 68013 68013 76982 76982 76982 83083 83083 87440 87440 87440 90981 90981 90981 98994 98994 107457 114252 114252 114252 114252 128973 128973 134844 134844 134844 145242 151953 151953 151953 151953 155022 158741 158741 158741 158741 170591 170591 175213 175213 175213 177294 179130 179130 179130 179130 190871 190871 192766 192766 192766 206071 206071 206071 207955 207955 214810 214810 214810 218944 218944 221567 226704 226704 226704 226704 228319 237932 237932 237932 237932 243852 243852 250698 250698 250698 267713 267713 267713 270017 270017 282690 282690 282690
100 0
5711 5711 5711 11956 12358 20769 20769 20769 12358 12358 11956 11956 20769 27508 34169 38877 38877 38877 34169 34169 27508 27508 38877 52349 52349 52349 53378 60173 60173 60173 53378 53378 60173 76136 76136 79121 79121 79121 88042 88042 88042 76136 88042 97489 105819 106480 106480 106480 105819 105819 97489 97489 106480 112244 112244 112244 113408 117755 117755 117755 113408 113408 117755 124241 124241 124241 131028 131028 131398 131398 131398 131028 131398 140945 145008 153764 153764 153764 145008 145008 140945 140945 153764 163158 167206 167206 167206 163158 163158 169443 169443 169443 169443 173088 176341 176341 178574 178574 178574 176341
100 0
8568 8568 24940 24940 27054 27054 27054 27054 36720 38031 38031 38031 36720 38031 48484 48484 54331 54331 54331 54331 70166 70166 70166 75857 75857 75857 91134 91134 93261 93261 93261 93261 103218 105197 105197 105197 103218 105197 112382 122288 122288 122288 112382 122288 141140 143252 143252 143252 141140 143252 160446 160446 160446 162745 162745 162745 165189 165189 165244 165244 165244 165244 177444 181105 181105 181105 177444 181105 199014 199113 199113 199113 199014 199113 200463 210035 210035 210035 200463 210035 227323 227323 227323 235412 235412 235412 252308 259233 265150 273679 273679 279488 279488 279488 273679 265150 265150 259233 259233 252308
100 0
2023 16066 16066 16066 17145 17145 27925 35740 35740 35740 35740 45580 48577 48577 48577 48577 60711 60711 60711 70132 70132 82203 82203 82203 88766 88766 99980 99980 99980 104537 104537 115878 115878 125419 125419 125419 135605 135605 143104 143104 143104 150447 154513 154513 154513 154513 166238 166238 167489 167489 167489 177119 177119 177119 186621 186621 194015 194015 196292 196292 196292 203491 203491 203491 212534 212534 219140 219140 228141 228141 228141 234658 238412 238412 238412 238412 254565 263917 263917 263917 263917 273539 282768 282768 282768 282768 289613 295485 295485 295485 295485 302910 302910 302910 311639 311639 319589 323638 323638 323638
100 0
11605 11605 11605 14363 14363 14363 21131 26289 26289 26289 21131 21131 26289 39577 42679 46427 46427 46427 42679 42679 39577 39577 46427 54271 57501 66397 66397 66397 57501 57501 54271 54271 66397 78404 78404 78404 84472 84472 86739 86739 86739 84472 86739 92766 93427 93427 94777 94777 94777 93427 92766 92766 94777 108853 112530 112530 112530 108853 108853 113255 113255 113255 113255 130975 130975 130975 134171 136793 136793 136793 134171 134171 136793 156371 156371 158406 158406 158406 166232 166232 166232 156371 166232 176236 176236 176236 182707 182707 184732 184732 184732 182707 184732 198895 205848 205848 209877 209877 209877 205848
100 0
5220 5220 14433 14433 19638 19638 19638 34016 34016 34016 41314 41314 54748 62477 62477 62477 62477 70687 70687 70687 75315 75315 92736 100470 100470 100470 100470 105150 112844 112844 112844 112844 119289 125096 125096 125096 125096 135365 143867 143867 143867 143867 150702 150702 150702 154536 154536 163229 163229 172889 172889 172889 181457 181457 182584 182584 182584 194477 194477 194477 200490 200490 206863 206863 206863 212163 212163 227899 235873 235873 235873 235873 244008 250650 250650 250650 250650 267896 272626 272626 272626 272626 280182 281047 281047 281047 281047 297877 297877 303770 303770 303770 322114 325802 325802 325802 325802 337121 337121 337121
100 0
11569 11569 24763 24763 33715 40935 40935 40935 33715 33715 24763 40935 53408 53408 55487 55487 56869 56869 56869 55487 53408 56869 71259 78297 79391 79391 79391 78297 78297 71259 71259 79391 87834 94915 94915 94915 101517 101517 101517 87834 87834 101517 111511 120824 122036 122036 122036 120824 120824 111511 111511 122036 131657 131657 131657 139471 139471 145715 145715 145715 139471 145715 155647 155647 155647 160227 160227 160227 165302 165302 165302 165302 169903 173974 173974 181119 181119 181119 173974 169903 169903 181119 195569 199239 199239 199239 200756 200756 200756 195569 195569 200756 210615 220008 220008 220008 227858 227858 227858 210615
100 0
2185 2185 8950 8950 16335 16335 20805 20805 30586 33077 38554 38554 38554 33077 33077 46446 46446 46446 30586 30586 20805 46446 56996 56996 62329 62329 62329 56996 65767 74971 75802 75802 75802 75843 75843 75843 74971 74971 79174 79174 79174 79174 87023 92410 92410 97797 97797 97797 99411 102109 111502 111502 111784 111784 111784 111502 102109 102109 99411 99411 92410 111784 121393 121393 123831 132295 136206 136206 140116 142922 142922 142922 140116 151485 151485 151485 140116 136206 132295 132295 123831 151485 161897 162839 162839 162839 161897 166465 166465 166465 161897 169110 169110 169110 170178 170178 170178 179708 179708 179708
100 0
4369 4369 6625 6625 14859 14859 24187 24187 24187 29948 34037 34037 34037 29948 29948 14859 6625 34037 51150 52754 56457 63611 68124 68124 73666 73666 73666 68124 63611 81150 81150 81150 63611 56457 56457 52754 52754 81150 97832 98072 99467 99467 105321 114350 114350 114350 115325 115325 115325 105321 105321 99467 123442 123442 123442 98072 98072 123442 128094 135970 144856 144856 144856 135970 135970 153291 153291 153291 128094 158779 159923 168248 168248 168248 159923 159923 158779 168248 173243 173243 180369 180369 185557 192587 192587 193273 200039 200039 207442 207442 207442 200039 193273 193273 192587 185557 185557 207442 219248 219248
100 0
11434 14670 14670 14670 11434 11434 14670 19453 19453 22849 22849 22849 28693 28693 28693 35200 36094 36094 36094 35200 35200 19453 42143 42143 48793 48793 48793 50396 58274 59046 59046 59046 58274 58274 65749 65749 65749 50396 50396 72793 79596 84926 84926 84926 79596 79596 84926 93811 101563 110696 113597 113597 114028 114028 122335 127532 127532 127532 122335 122335 114028 113597 110696 110696 101563 101563 127532 136179 136179 136179 143154 147244 152073 156078 156078 156078 152073 157788 166898 166898 166898 157788 157788 152073 147244 147244 166898 183818 193428 201738 202526 202526 202526 203239 203239 203239 201738 201738 193428 193428
100 0
203239 212335 203239 219133 203239 226369 234313 226369 234841 226369 242785 250838 242785 254598 242785 257865 264856 257865 266056 257865 272653 278282 272653 286801 272653 290692 293653 290692 300158 290692 302393 308095 302393 313126 302393 313651 315274 313651 321957 313651 323474 327689 323474 330497 323474 338820 343336 338820 344051 338820 348983 351402 348983 361212 348983 369292 378945 369292 383049 369292 388008 395603 388008 404111 388008 409180 410040 409180 415537 409180 421804 425611 421804 433087 421804 434224 441920 434224 442355 434224 446347 452629 446347 455116 446347 464137 470942 464137 475050 464137 477104 481777 477104 490099 477104 491311 500657 491311 509845 491311
100 0
1000000 506145 499869 731316 189821 789613 403850 676917 139588 726885 480401 45777 781559 988936 639968 928375 455858 867401 109753 173478 142747 366374 1000000 824641 872963 861226 867298 987697 688250 653271 874157 158624 675767 890378 406291 865587 679990 326492 58855 819577 53376 539255 381706 351286 44542 538025 1000000 500399 405425 422117 1000000 548171 788490 530919 372811 177804 908496 240108 681852 596745 409731 556008 271721 85497 962737 194363 951084 642727 37207 9938 978655 606934 65545 876712 958220 626438 414736 270584 126837 820160 692700 317064 368330 997541 364335 257493 1000000 272830 497600 373547 385927 423682 929554 657647 509179 892291 368361 976614 51369 405567
