20
4 right
0 0 2 4
0 0 4 8
0 2 16 32
0 2 2 16
4 up
0 0 2 4
0 0 4 8
0 2 16 32
0 0 4 16
4 up
0 0 0 0
0 0 0 0
0 0 0 0
0 0 0 0
4 down
2 2 2 2
2 2 2 2
2 2 2 2
2 2 2 2
4 left
2 2 2 2
2 2 2 2
2 2 2 2
2 2 2 2
4 right
2 2 2 2
2 2 2 2
2 2 2 2
2 2 2 2
4 up
2 2 2 2
2 2 2 2
2 2 2 2
2 2 2 2
4 left
2 2 4 4
2 2 4 4
2 2 4 4
2 2 4 4
4 down
1024 1024 1024 1024
1024 1024 1024 1024
1024 1024 1024 1024
1024 1024 1024 1024
4 left
1024 1024 1024 1024
1024 1024 1024 1024
1024 1024 1024 1024
1024 1024 1024 1024
4 right
1024 1024 1024 1024
1024 1024 1024 1024
1024 1024 1024 1024
1024 1024 1024 1024
4 up
1024 1024 1024 1024
1024 1024 1024 1024
1024 1024 1024 1024
1024 1024 1024 1024
4 left
0 2 64 0
0 32 0 4
0 4 512 4
0 0 0 16
4 up
0 8 0 4
0 0 64 0
0 2 0 4
0 0 0 2
4 down
0 0 0 512
0 2 0 1024
128 0 32 0
2 0 2 0
4 left
0 2 4 0
0 0 0 0
0 32 0 64
2 0 0 4
4 down
256 4 0 16
16 16 2 16
4 2 4 32
0 0 32 2
4 right
0 32 2 0
2 32 2 8
4 2 256 512
16 4 4 4
4 left
4 4 2 0
32 2 4 2
2 2 2 4
512 4 4 4
4 left
0 4 2 4
4 128 0 4
4 4 2 4
2 0 4 2
