97
3 1
4 3
9 3267
5 27376
3 3
9 2393
3 2
8 1045
10 831
8 163
10 17435
10 26254
8 185
8 30
4 3
10 10644
10 13162
6 27
5 40395
1 2
10 13198
2 1
10 100000
5 42
10 1132
9 8548
5 4885
5 28
3 6
7 9643
5 17
8 874
8 43188
2 2
6 38
6 5920
3 4
7 143
7 3700
8 1905
6 83
6 4004
5 70761
10 3381
9 2334
4 6636
5 39
10 18832
8 1184
5 41
8 1287
7 211
7 362
9 2360
7 416
9 1858
8 19415
10 6698
4 56593
7 132
8 8219
8 6949
9 2398
8 34532
10 59600
5 3235
4 9
10 31422
4 6634
7 237
9 2255
6 47
8 635
2 3
9 2354
10 1622
5 25
1 1
8 128
7 158
10 20618
9 6335
10 61559
8 265
7 67
9 2374
5 5
5 35873
4 12
5 40868
6 45
8 961
3 5
4 28040
5 26
7 4487
5 37345
