77
52 1
21 24466267652
59 787520000000000001
98 1
34 812944042149734242
2 1
10 61559
18 116921701
73 1
34 705688646285039425
30 560687353542849
5 42
10 13198
26 18367353073922
8 19415
9 2374
59 800000000000000001
87 1
23 50991043951
43 680000000000000001
8 34532
3 3
25 2725212030157
83 275200000000000001
23 343059687905
17 49315111
8 1045
20 6564124494
3 4
23 343059616640
2 3
28 263747951752067
2 2
76 80000000000000001
45 1
42 1
1 2
10 14741
82 1
86 792000000000000001
32 55534064877079476
20 317839321
16 21795391
16 6966271
3 2
12 29373
20 4008946381
11 14799
84 1
25 4861946407149
6 45
3 5
24 870332780485
63 1
21 8313456181
21 6662018221
3 1
24 1289904152785
100 1000000000000000000
6 47
30 3814986502095992
25 4861946483946
3 6
27 69533550916780
71 200000000000000001
22 91482563817
43 1
33 212336130412245203
18 477679238
76 1
31 14544636039229550
10 26254
97 176704000000000001
73 720000000000000001
1 1
29 1002242216657705
32 55534064877053571
